"V1","V2","V3","V4","V5","V6","V7","V8"
0,68,48,45,90,30,35,51
68,0,64,14,94,28,25,34
48,64,0,36,17,96,19,2
45,14,36,0,46,79,58,98
90,94,17,46,0,74,Inf,56
30,28,96,79,74,0,5,78
35,25,19,58,Inf,5,0,18
51,34,2,98,56,78,18,0
