"V1","V2","V3","V4","V5","V6","V7","V8","V9","V10"
"1",0,53,290,281,299,106,261,191,223,36
"2",53,0,191,170,164,108,188,273,185,82
"3",290,191,0,125,205,153,237,171,153,114
"4",281,170,125,0,267,70,80,48,31,127
"5",299,164,205,267,0,116,223,149,36,115
"6",106,108,153,70,116,0,88,72,19,285
"7",261,188,237,80,223,88,0,Inf,219,159
"8",191,273,171,48,149,72,Inf,0,Inf,153
"9",223,185,153,31,36,19,219,Inf,0,80
"10",36,82,114,127,115,285,159,153,80,0
